1 1 1 1 1 1 1 1 1 1 1 1 1 1 1 1 1 1 1 1 1 1 1 1 1 1 1 1 1 1 1 1 1 1 1 1 1 1 1 1 1 1 1 1 1 1 1 1 1 1 1 1 1 1 1 1 1 1 1 1 1 1 1 1 1 1 1 1 1 1 1 1 1 1 1 1 1 1 1 1 1 1 1 1 1 1 1 1 1 1 1 1 1 1 1 1 1 1 1 1 1 
1 1 1 1 1 1 1 1 1 1 1 1 1 1 1 1 1 1 1 1 1 1 1 1 1 1 1 1 1 1 1 1 1 1 1 1 1 1 1 1 1 1 1 1 1 1 1 1 1 1 1 1 1 1 1 1 1 1 1 1 1 1 1 1 1 1 1 1 1 1 1 1 1 1 1 1 1 1 1 1 1 1 1 1 1 1 1 1 1 1 1 1 1 1 1 1 1 1 1 1 1 
1 1 1 1 1 1 1 1 1 1 1 1 1 1 1 1 1 1 1 1 1 1 1 1 1 1 1 1 1 1 1 1 1 1 1 1 1 1 1 1 1 1 1 1 1 1 1 1 1 1 1 1 1 1 1 1 1 1 1 1 1 1 1 1 1 1 1 1 1 1 1 1 1 1 1 1 1 1 1 1 1 1 1 1 1 1 1 1 1 1 1 1 1 1 1 1 1 1 1 1 1 
1 1 1 1 1 1 1 1 1 1 1 1 1 1 1 1 1 1 1 1 1 1 1 1 1 1 1 1 1 1 1 0.716531310573789 1 1 1 1 1 1 1 1 1 1 1 1 1 1 1 1 1 1 1 1 1 1 1 1 1 1 1 1 1 1 1 1 1 1 1 1 1 1 1 1 0.716531310573789 1 1 1 1 1 1 1 1 1 1 1 1 1 1 1 1 1 1 0.716531310573789 1 1 1 1 1 1 1 1 1 
1 0.716531310573789 1 1 1 1 1 1 1 1 1 1 1 1 1 1 0.716531310573789 1 1 1 1 1 1 1 1 1 1 1 1 1 1 1 1 1 1 0.716531310573789 1 1 0.716531310573789 1 1 1 1 1 1 1 1 1 1 1 1 1 1 1 1 1 1 1 1 0.716531310573789 1 1 0.716531310573789 1 1 1 1 1 1 1 1 0.716531310573789 1 1 1 1 1 1 1 1 1 1 1 1 1 1 0.716531310573789 1 1 1 1 1 1 1 1 1 1 1 1 1 1 
1 1 1 1 1 1 1 1 1 1 1 1 1 1 1 1 1 1 1 1 1 1 1 1 1 1 1 1 1 1 1 1 1 1 1 1 1 1 1 1 1 1 1 1 1 1 1 1 1 1 1 1 1 1 1 1 1 1 1 1 1 1 1 1 1 1 1 1 1 1 1 1 1 1 1 1 1 1 1 1 1 1 1 1 1 1 1 0.716531310573789 1 1 1 1 1 1 1 1 1 1 1 1 1 
1 1 1 1 1 1 1 1 1 0.716531310573789 0.716531310573789 1 1 0.716531310573789 1 1 1 1 1 1 1 1 1 1 1 1 1 1 1 1 1 1 1 1 1 1 0.716531310573789 1 1 1 0.716531310573789 1 1 1 1 1 1 1 0.716531310573789 1 1 1 1 1 1 1 1 1 1 1 1 1 1 0.716531310573789 1 1 1 1 1 1 1 1 1 1 1 1 1 1 1 1 1 1 1 1 1 1 0.716531310573789 1 1 1 1 1 1 1 1 1 1 1 1 1 1 
1 1 1 1 1 1 1 1 1 1 1 1 1 1 1 1 1 1 0.716531310573789 1 1 1 1 1 1 1 1 1 1 1 1 1 1 1 1 1 1 1 1 1 1 1 1 1 1 1 1 1 1 1 1 1 1 1 1 1 1 1 1 1 1 1 1 1 1 1 1 1 1 1 1 1 1 1 1 1 1 1 1 1 1 1 1 1 1 1 1 1 1 1 0.716531310573789 1 1 1 1 0.716531310573789 1 1 1 1 1 
1 0.716531310573789 1 1 1 0.716531310573789 1 1 1 1 1 1 1 1 0.716531310573789 1 1 1 1 1 1 1 1 1 1 1 0.716531310573789 0.716531310573789 1 0.716531310573789 1 1 0.716531310573789 1 1 1 1 1 0.716531310573789 1 1 1 1 1 1 1 1 1 1 1 1 1 1 1 1 1 1 1 1 1 1 1 1 1 1 1 1 1 1 1 0.716531310573789 1 1 1 1 1 1 1 1 1 1 0.716531310573789 1 1 1 0.716531310573789 1 1 1 1 0.716531310573789 1 1 0.716531310573789 1 1 1 1 1 1 1 
1 1 1 1 1 1 1 1 1 1 1 1 1 1 1 1 1 1 0.716531310573789 1 0.716531310573789 1 1 1 1 1 0.716531310573789 1 1 0.716531310573789 1 1 1 1 1 1 1 1 1 0.716531310573789 1 1 1 1 0.716531310573789 1 1 1 1 1 1 1 0.716531310573789 1 1 1 1 1 1 0.716531310573789 1 0.716531310573789 0.716531310573789 1 1 1 1 1 0.716531310573789 1 1 0.716531310573789 0.716531310573789 1 1 0.716531310573789 1 1 1 1 1 1 1 1 0.716531310573789 1 1 1 1 1 1 1 0.716531310573789 1 1 1 0.716531310573789 1 1 1 1 
1 1 1 1 1 1 1 1 1 1 1 0.716531310573789 1 0.716531310573789 1 1 1 1 1 1 1 1 1 1 1 1 1 1 1 1 1 1 1 1 1 1 1 1 1 1 1 1 1 0.716531310573789 1 1 1 1 1 1 1 1 1 1 1 1 1 1 1 1 1 1 1 1 1 1 1 1 1 1 1 1 1 1 1 1 1 1 1 1 1 1 0.716531310573789 1 1 1 1 1 1 1 1 1 1 1 1 1 1 1 1 1 1 
1 1 1 1 1 1 1 0.716531310573789 1 1 1 1 1 1 1 1 1 1 1 1 1 1 1 1 1 1 1 1 1 1 1 1 1 1 1 1 1 1 1 1 1 1 1 1 1 1 1 1 1 1 1 1 1 1 1 1 1 1 1 1 1 1 1 1 1 1 1 1 1 1 1 1 1 1 1 1 1 1 1 1 1 1 1 1 1 1 1 1 1 1 1 1 1 1 1 1 1 1 1 1 1 
1 1 1 1 1 1 1 1 1 1 1 1 1 1 0.716531310573789 1 0.716531310573789 1 1 1 1 1 0.716531310573789 1 1 1 1 1 1 0.716531310573789 1 1 1 1 1 1 0.716531310573789 1 1 1 1 0.716531310573789 1 1 1 1 1 0.716531310573789 1 1 1 1 1 1 1 1 1 0.716531310573789 1 1 1 1 1 1 1 1 1 1 1 1 1 1 0.716531310573789 1 1 1 1 1 1 1 1 1 0.716531310573789 1 0.716531310573789 1 1 1 1 1 1 1 0.716531310573789 1 0.716531310573789 1 0.716531310573789 1 1 1 1 
1 1 1 1 1 0.716531310573789 1 0.716531310573789 1 0.716531310573789 1 1 1 0.716531310573789 1 1 1 1 1 1 1 1 1 1 0.716531310573789 1 1 1 1 0.716531310573789 1 1 0.716531310573789 1 1 1 1 1 1 1 1 1 1 1 1 1 1 1 1 1 1 1 1 1 1 1 1 1 1 0.716531310573789 1 1 1 1 1 1 1 1 1 1 1 1 0.716531310573789 0.716531310573789 1 1 1 1 0.716531310573789 1 1 1 1 0.716531310573789 1 1 0.716531310573789 1 1 1 1 1 1 1 1 1 1 1 1 1 1 
1 1 1 1 1 1 1 1 1 0.716531310573789 1 1 1 0.716531310573789 1 1 1 1 1 1 1 1 1 1 1 1 1 1 1 1 0.716531310573789 1 0.716531310573789 1 1 1 0.716531310573789 0.716531310573789 1 1 1 1 1 0.716531310573789 1 1 1 0.716531310573789 1 1 1 1 1 0.716531310573789 1 0.716531310573789 1 0.716531310573789 1 1 1 1 1 1 1 1 1 1 1 1 1 1 0.716531310573789 1 1 1 0.716531310573789 1 1 1 1 1 1 1 1 1 1 1 1 1 1 0.716531310573789 1 1 1 0.716531310573789 1 1 1 1 1 
1 1 1 1 1 1 0.716531310573789 1 1 1 0.716531310573789 1 1 1 0.716531310573789 1 0.716531310573789 1 1 1 0.716531310573789 0.716531310573789 1 1 0.716531310573789 1 1 1 1 0.716531310573789 1 1 1 1 1 1 1 1 1 1 1 1 1 1 1 1 1 0.716531310573789 1 1 1 1 0.716531310573789 1 1 1 0.716531310573789 1 1 1 1 1 1 1 0.716531310573789 1 1 1 1 1 1 1 1 1 0.716531310573789 1 1 1 1 1 1 1 0.716531310573789 1 1 1 0.716531310573789 1 1 1 1 0.716531310573789 1 1 1 1 1 0.716531310573789 1 1 1 
1 1 1 1 1 1 1 1 1 1 1 1 1 1 1 1 1 1 1 1 1 1 1 1 0.716531310573789 1 1 1 1 1 1 1 1 0.716531310573789 1 1 1 1 1 1 1 1 1 1 1 1 1 1 0.716531310573789 1 1 1 1 1 1 1 1 1 1 1 1 1 1 1 1 1 1 1 1 1 1 1 1 1 1 1 1 1 1 1 1 1 1 0.716531310573789 1 1 0.716531310573789 1 1 1 1 1 1 1 1 1 1 1 1 1 1 
1 1 1 1 1 1 1 0.716531310573789 1 1 1 1 1 1 1 1 1 1 1 1 1 0.716531310573789 1 1 1 1 1 0.716531310573789 1 1 0.716531310573789 1 1 1 1 1 1 0.716531310573789 1 1 1 1 1 1 1 1 1 1 1 1 1 1 1 0.716531310573789 1 1 0.716531310573789 1 1 1 0.716531310573789 1 1 1 1 1 1 0.716531310573789 1 1 1 1 1 1 0.716531310573789 1 1 0.716531310573789 1 1 1 1 1 1 1 1 1 1 1 1 1 1 1 1 1 1 1 1 1 1 1 
1 1 1 1 1 0.716531310573789 0.716531310573789 0.716531310573789 1 1 1 1 1 1 0.716531310573789 1 1 1 1 1 1 1 1 1 1 1 1 0.716531310573789 1 0.716531310573789 1 0.716531310573789 1 1 0.716531310573789 1 1 1 1 1 1 1 0.716531310573789 1 0.716531310573789 1 0.716531310573789 1 1 1 0.716531310573789 1 0.716531310573789 1 1 1 1 1 1 1 1 1 1 1 1 1 1 1 1 1 1 1 1 1 1 1 1 0.716531310573789 1 1 1 1 1 1 1 1 1 0.716531310573789 0.716531310573789 1 1 1 1 1 1 1 1 1 1 1 1 
1 1 1 0.716531310573789 1 1 1 1 1 1 1 1 0.716531310573789 1 0.716531310573789 1 1 1 1 1 1 1 1 1 1 1 0.716531310573789 1 0.716531310573789 1 1 1 1 1 1 0.716531310573789 1 1 1 1 1 1 1 1 1 1 1 1 1 1 1 1 1 1 1 1 1 1 1 1 1 1 1 1 1 1 0.716531310573789 1 1 1 1 1 1 1 1 0.716531310573789 0.716531310573789 1 1 1 1 0.716531310573789 1 1 1 0.716531310573789 1 1 1 1 1 1 1 1 1 1 1 1 1 1 0.716531310573789 
1 1 1 1 1 1 0.716531310573789 1 1 1 1 1 1 1 1 1 1 1 1 1 1 1 1 1 1 1 1 1 1 1 1 1 1 1 1 0.716531310573789 1 1 1 1 1 1 0.716531310573789 1 1 1 1 1 1 1 1 1 1 1 1 1 0.716531310573789 1 1 1 1 1 1 0.716531310573789 1 1 1 1 1 1 1 1 0.716531310573789 0.716531310573789 1 1 1 1 1 1 1 1 0.716531310573789 1 1 1 1 1 0.716531310573789 1 1 1 1 1 1 1 1 1 1 1 1 
1 1 1 1 1 1 1 1 1 1 0.716531310573789 1 1 1 1 1 1 1 1 1 1 1 1 1 1 1 1 1 1 1 1 1 1 1 1 1 1 1 1 1 1 1 1 1 1 1 1 1 1 1 1 1 1 1 1 1 1 1 1 1 1 1 0.716531310573789 1 1 1 1 1 1 1 0.716531310573789 1 1 1 0.716531310573789 1 1 1 1 1 1 1 1 1 1 1 1 1 1 1 1 1 1 1 1 0.716531310573789 1 1 1 1 1 
1 1 1 1 1 1 1 1 1 1 1 1 1 1 1 1 1 1 1 1 1 1 1 1 1 1 1 1 1 1 1 1 1 1 1 1 1 1 1 1 1 1 1 1 1 1 1 1 1 1 1 1 1 1 1 1 1 1 1 1 1 1 1 1 1 1 1 1 1 1 1 1 1 1 1 1 1 1 1 1 1 1 1 1 1 1 1 1 1 1 1 1 1 1 1 1 1 1 1 1 1 
1 1 1 0.716531310573789 0.716531310573789 1 1 0.716531310573789 1 0.716531310573789 1 1 0.716531310573789 1 1 1 1 0.716531310573789 1 1 0.716531310573789 1 1 0.716531310573789 1 1 1 1 1 1 0.716531310573789 1 1 1 1 0.716531310573789 0.716531310573789 1 1 0.716531310573789 1 1 1 0.716531310573789 0.716531310573789 1 1 1 1 0.716531310573789 1 0.716531310573789 1 0.716531310573789 0.716531310573789 1 1 0.716531310573789 1 1 1 1 1 0.716531310573789 1 1 1 1 1 1 1 0.716531310573789 1 0.716531310573789 1 1 1 1 0.716531310573789 1 1 1 1 0.716531310573789 1 1 1 1 1 1 1 1 1 1 0.716531310573789 1 1 1 1 1 1 
1 0 0 0 0 0 0 0 0 0 0 0 0 0 0 0 0 0 0 0 0 0 0 0 0 0 0 0 0 0 0 0 0 0 0 0 0 0 0 0 0 0 0 0 0 0 0 0 0 0 0 0 0 0 0 0 0 0 0 0 0 0 0 0 0 0 0 0 0 0 0 0 0 0 0 0 0 0 0 0 0 0 0 0 0 0 0 0 0 0 0 0 0 0 0 0 0 0 0 0 0 